0.00
7463.95
60.35
48.33
50.40
70.97
96.22
79.35
110.12
135.39
22.36
28.29
95.04
89.78
49.06
52.60
37.61
53.91
60.62
42.57
55.52
93.34
34.74
30.75
59.39
10.61
59.14
59.87
57.77
60.14
17.30
46.67
87.19
26.84
26.55
32.98
54.25
44.20
28.03
30.23
9.88
36.18
51.19
91.16
78.06
43.43
20.19
36.22
61.40
7.31
50.71
67.41
62.46
41.34
80.22
92.79
78.46
71.40
82.44
62.56
87.60
79.37
70.55
55.38
80.67
55.38
70.55
79.37
87.60
62.56
82.44
71.40
78.46
92.79
80.22
41.34
62.46
67.41
50.71
7.32
61.40
36.22
20.19
43.43
78.06
91.16
51.19
36.18
9.88
30.23
28.03
44.20
54.25
32.98
26.55
26.85
87.19
46.68
17.30
60.14
57.77
59.87
59.14
10.61
59.39
30.75
34.74
93.34
55.52
42.57
60.62
53.90
37.61
52.61
49.06
89.78
95.04
28.29
22.36
135.39
110.12
79.35
96.22
70.97
50.40
48.33
60.35
7463.95
0.00
7516.85
135.33
24.08
60.98
84.05
43.26
9.38
93.67
41.05
71.07
56.91
44.67
96.45
69.50
114.69
69.31
37.12
32.88
39.04
25.53
55.30
69.01
52.05
44.33
31.70
31.93
60.97
43.29
31.78
18.67
22.63
22.92
14.40
42.07
70.32
54.22
25.30
23.62
53.89
102.01
92.51
45.41
48.23
70.64
67.29
58.38
59.70
40.20
63.98
69.58
62.09
50.79
50.54
72.04
